{
 "cells": [
  {
   "cell_type": "markdown",
   "metadata": {},
   "source": [
    "Authors:\n",
    "    <br>Alejandro Alvarez (axa)\n",
    "    <br>Brenda Palma (bpalmagu)\n",
    "\n",
    "# <center>Topic modeling - LDA</center>"
   ]
  },
  {
   "cell_type": "markdown",
   "metadata": {},
   "source": [
    "# NB setup"
   ]
  },
  {
   "cell_type": "code",
   "execution_count": 1,
   "metadata": {},
   "outputs": [
    {
     "name": "stdout",
     "output_type": "stream",
     "text": [
      "Current directory: /home/alejandroxag/my_files/heinz-95729-project/api/ml-jokes\n"
     ]
    }
   ],
   "source": [
    "# Path to ml-jokes folder\n",
    "import os\n",
    "if os.getcwd().split('/')[-2] == 'ml-jokes': os.chdir('..')\n",
    "print(f'Current directory: {os.getcwd()}')\n",
    "assert set(['data', 'mljokes', 'environment.yml', 'nbs']) <= set(os.listdir()), \\\n",
    "    'Wrong path; go to ./heinz-95729-project/api/ml-jokes'"
   ]
  },
  {
   "cell_type": "code",
   "execution_count": 2,
   "metadata": {},
   "outputs": [],
   "source": [
    "# Imports\n",
    "from mljokes.data import read_jokes\n",
    "from sklearn.decomposition import LatentDirichletAllocation\n",
    "from sklearn.feature_extraction.text import CountVectorizer"
   ]
  },
  {
   "cell_type": "markdown",
   "metadata": {},
   "source": [
    "# Data loading"
   ]
  },
  {
   "cell_type": "code",
   "execution_count": 3,
   "metadata": {},
   "outputs": [
    {
     "data": {
      "text/html": [
       "<div>\n",
       "<style scoped>\n",
       "    .dataframe tbody tr th:only-of-type {\n",
       "        vertical-align: middle;\n",
       "    }\n",
       "\n",
       "    .dataframe tbody tr th {\n",
       "        vertical-align: top;\n",
       "    }\n",
       "\n",
       "    .dataframe thead th {\n",
       "        text-align: right;\n",
       "    }\n",
       "</style>\n",
       "<table border=\"1\" class=\"dataframe\">\n",
       "  <thead>\n",
       "    <tr style=\"text-align: right;\">\n",
       "      <th></th>\n",
       "      <th>text</th>\n",
       "      <th>clean_text</th>\n",
       "      <th>len</th>\n",
       "    </tr>\n",
       "  </thead>\n",
       "  <tbody>\n",
       "    <tr>\n",
       "      <th>0</th>\n",
       "      <td>One Sunday morning William burst into the livi...</td>\n",
       "      <td>one sunday morning william burst living room s...</td>\n",
       "      <td>218</td>\n",
       "    </tr>\n",
       "    <tr>\n",
       "      <th>1</th>\n",
       "      <td>Q: How do you keep a computer programmer in th...</td>\n",
       "      <td>q keep computer programmer shower day long giv...</td>\n",
       "      <td>27</td>\n",
       "    </tr>\n",
       "    <tr>\n",
       "      <th>2</th>\n",
       "      <td>A horse walks into a bar. Bartender says: \"So,...</td>\n",
       "      <td>horse walk bar bartender say long face</td>\n",
       "      <td>13</td>\n",
       "    </tr>\n",
       "    <tr>\n",
       "      <th>3</th>\n",
       "      <td>Q: How many programmers does it take to change...</td>\n",
       "      <td>q many programmer take change lightbulb none h...</td>\n",
       "      <td>17</td>\n",
       "    </tr>\n",
       "    <tr>\n",
       "      <th>4</th>\n",
       "      <td>Just a thought .. Before criticizing someone, ...</td>\n",
       "      <td>thought criticizing someone walk mile shoe cri...</td>\n",
       "      <td>30</td>\n",
       "    </tr>\n",
       "    <tr>\n",
       "      <th>...</th>\n",
       "      <td>...</td>\n",
       "      <td>...</td>\n",
       "      <td>...</td>\n",
       "    </tr>\n",
       "    <tr>\n",
       "      <th>95</th>\n",
       "      <td>This guys wife asks, \"Honey if I died would yo...</td>\n",
       "      <td>guy wife asks honey died would remarry reply w...</td>\n",
       "      <td>153</td>\n",
       "    </tr>\n",
       "    <tr>\n",
       "      <th>96</th>\n",
       "      <td>Why are there so many Jones's in the phone boo...</td>\n",
       "      <td>many jones phone book phone</td>\n",
       "      <td>15</td>\n",
       "    </tr>\n",
       "    <tr>\n",
       "      <th>97</th>\n",
       "      <td>Q. What's the difference between a man and a t...</td>\n",
       "      <td>q difference man toilet toilet follow around use</td>\n",
       "      <td>21</td>\n",
       "    </tr>\n",
       "    <tr>\n",
       "      <th>98</th>\n",
       "      <td>A dog walks into Western Union and asks the cl...</td>\n",
       "      <td>dog walk western union asks clerk send telegra...</td>\n",
       "      <td>59</td>\n",
       "    </tr>\n",
       "    <tr>\n",
       "      <th>99</th>\n",
       "      <td>On the first day of college, the Dean addresse...</td>\n",
       "      <td>first day college dean addressed student point...</td>\n",
       "      <td>95</td>\n",
       "    </tr>\n",
       "  </tbody>\n",
       "</table>\n",
       "<p>100 rows × 3 columns</p>\n",
       "</div>"
      ],
      "text/plain": [
       "                                                 text  \\\n",
       "0   One Sunday morning William burst into the livi...   \n",
       "1   Q: How do you keep a computer programmer in th...   \n",
       "2   A horse walks into a bar. Bartender says: \"So,...   \n",
       "3   Q: How many programmers does it take to change...   \n",
       "4   Just a thought .. Before criticizing someone, ...   \n",
       "..                                                ...   \n",
       "95  This guys wife asks, \"Honey if I died would yo...   \n",
       "96  Why are there so many Jones's in the phone boo...   \n",
       "97  Q. What's the difference between a man and a t...   \n",
       "98  A dog walks into Western Union and asks the cl...   \n",
       "99  On the first day of college, the Dean addresse...   \n",
       "\n",
       "                                           clean_text  len  \n",
       "0   one sunday morning william burst living room s...  218  \n",
       "1   q keep computer programmer shower day long giv...   27  \n",
       "2              horse walk bar bartender say long face   13  \n",
       "3   q many programmer take change lightbulb none h...   17  \n",
       "4   thought criticizing someone walk mile shoe cri...   30  \n",
       "..                                                ...  ...  \n",
       "95  guy wife asks honey died would remarry reply w...  153  \n",
       "96                        many jones phone book phone   15  \n",
       "97   q difference man toilet toilet follow around use   21  \n",
       "98  dog walk western union asks clerk send telegra...   59  \n",
       "99  first day college dean addressed student point...   95  \n",
       "\n",
       "[100 rows x 3 columns]"
      ]
     },
     "metadata": {},
     "output_type": "display_data"
    }
   ],
   "source": [
    "# Load jokes\n",
    "jokes_df = read_jokes()\n",
    "display(jokes_df)"
   ]
  },
  {
   "cell_type": "markdown",
   "metadata": {},
   "source": [
    "# LDA topic modeling"
   ]
  },
  {
   "cell_type": "code",
   "execution_count": 27,
   "metadata": {},
   "outputs": [
    {
     "data": {
      "text/plain": [
       "array([[0.00314576, 0.00304514, 0.9938091 ],\n",
       "       [0.02528143, 0.02467434, 0.95004423],\n",
       "       [0.04508335, 0.90258603, 0.05233062],\n",
       "       [0.92384495, 0.03746246, 0.03869259],\n",
       "       [0.93737906, 0.03145618, 0.03116476],\n",
       "       [0.0334421 , 0.93310017, 0.03345773],\n",
       "       [0.0044617 , 0.00440289, 0.99113541],\n",
       "       [0.98573373, 0.00707876, 0.00718751],\n",
       "       [0.98053907, 0.00915025, 0.01031067],\n",
       "       [0.95866735, 0.02117672, 0.02015593],\n",
       "       [0.00782856, 0.00766158, 0.98450986],\n",
       "       [0.98656925, 0.00653798, 0.00689277],\n",
       "       [0.98887022, 0.00548484, 0.00564495],\n",
       "       [0.02225276, 0.02142841, 0.95631883],\n",
       "       [0.00681167, 0.98639165, 0.00679668],\n",
       "       [0.88773009, 0.055894  , 0.05637591],\n",
       "       [0.03528229, 0.92940422, 0.03531349],\n",
       "       [0.03855067, 0.0430258 , 0.91842353],\n",
       "       [0.01050359, 0.01020205, 0.97929436],\n",
       "       [0.02465114, 0.95148858, 0.02386028],\n",
       "       [0.04916621, 0.04894849, 0.90188531],\n",
       "       [0.01033746, 0.97907721, 0.01058533],\n",
       "       [0.03721022, 0.92500952, 0.03778026],\n",
       "       [0.98724986, 0.00624971, 0.00650044],\n",
       "       [0.01915568, 0.01890123, 0.96194309],\n",
       "       [0.95129342, 0.02416803, 0.02453856],\n",
       "       [0.97646859, 0.0114775 , 0.01205391],\n",
       "       [0.0247772 , 0.95092036, 0.02430244],\n",
       "       [0.97792091, 0.01055447, 0.01152462],\n",
       "       [0.01598094, 0.01299492, 0.97102414],\n",
       "       [0.9128123 , 0.04302583, 0.04416187],\n",
       "       [0.00565184, 0.00546276, 0.9888854 ],\n",
       "       [0.67893502, 0.29608096, 0.02498402],\n",
       "       [0.88335596, 0.060418  , 0.05622605],\n",
       "       [0.92881778, 0.03528347, 0.03589876],\n",
       "       [0.93086546, 0.03462638, 0.03450817],\n",
       "       [0.0263723 , 0.9450843 , 0.0285434 ],\n",
       "       [0.00612263, 0.00577066, 0.98810671],\n",
       "       [0.98699507, 0.00639383, 0.0066111 ],\n",
       "       [0.01446244, 0.97038104, 0.01515652],\n",
       "       [0.02253691, 0.95908073, 0.01838236],\n",
       "       [0.02324051, 0.01967595, 0.95708353],\n",
       "       [0.0208269 , 0.02888081, 0.95029229],\n",
       "       [0.03826216, 0.03457038, 0.92716746],\n",
       "       [0.91704954, 0.04125148, 0.04169898],\n",
       "       [0.0053695 , 0.98929462, 0.00533588],\n",
       "       [0.94632004, 0.0265119 , 0.02716806],\n",
       "       [0.00787028, 0.98439557, 0.00773415],\n",
       "       [0.04547843, 0.39616267, 0.5583589 ],\n",
       "       [0.94804159, 0.02589386, 0.02606455],\n",
       "       [0.94888624, 0.02597602, 0.02513774],\n",
       "       [0.90141469, 0.05063968, 0.04794563],\n",
       "       [0.98476272, 0.0075173 , 0.00771998],\n",
       "       [0.98455798, 0.00769902, 0.007743  ],\n",
       "       [0.5427297 , 0.42780387, 0.02946642],\n",
       "       [0.01075779, 0.97863561, 0.0106066 ],\n",
       "       [0.00830252, 0.00749251, 0.98420497],\n",
       "       [0.00457377, 0.99089185, 0.00453438],\n",
       "       [0.01378345, 0.97179037, 0.01442619],\n",
       "       [0.99204763, 0.00388757, 0.00406481],\n",
       "       [0.00615794, 0.98787461, 0.00596745],\n",
       "       [0.00880931, 0.00872028, 0.9824704 ],\n",
       "       [0.02897277, 0.94308807, 0.02793916],\n",
       "       [0.97788378, 0.01147103, 0.01064519],\n",
       "       [0.01276981, 0.97485252, 0.01237768],\n",
       "       [0.97961071, 0.01012552, 0.01026376],\n",
       "       [0.98938596, 0.00531244, 0.0053016 ],\n",
       "       [0.99029166, 0.00494164, 0.00476669],\n",
       "       [0.01768583, 0.96446927, 0.0178449 ],\n",
       "       [0.0351122 , 0.0337069 , 0.9311809 ],\n",
       "       [0.00761311, 0.98484916, 0.00753774],\n",
       "       [0.93052713, 0.03449601, 0.03497686],\n",
       "       [0.01257303, 0.97607026, 0.01135671],\n",
       "       [0.01020728, 0.97937367, 0.01041905],\n",
       "       [0.02003275, 0.01868761, 0.96127964],\n",
       "       [0.40148245, 0.03905123, 0.55946632],\n",
       "       [0.04581461, 0.04259777, 0.91158762],\n",
       "       [0.97222694, 0.01390286, 0.0138702 ],\n",
       "       [0.00938278, 0.00924296, 0.98137426],\n",
       "       [0.00782626, 0.9839107 , 0.00826304],\n",
       "       [0.98262727, 0.00849133, 0.0088814 ],\n",
       "       [0.04185991, 0.91556002, 0.04258007],\n",
       "       [0.04015765, 0.92188851, 0.03795384],\n",
       "       [0.00655552, 0.00619052, 0.98725396],\n",
       "       [0.93622876, 0.03112046, 0.03265078],\n",
       "       [0.98126975, 0.00923007, 0.00950019],\n",
       "       [0.94693097, 0.0259949 , 0.02707413],\n",
       "       [0.98711002, 0.00639388, 0.0064961 ],\n",
       "       [0.97759366, 0.01152359, 0.01088275],\n",
       "       [0.91540239, 0.04186419, 0.04273342],\n",
       "       [0.98194326, 0.00872997, 0.00932677],\n",
       "       [0.02040982, 0.0197315 , 0.95985868],\n",
       "       [0.04373367, 0.04333912, 0.91292721],\n",
       "       [0.00659138, 0.00667562, 0.986733  ],\n",
       "       [0.87845719, 0.06210434, 0.05943847],\n",
       "       [0.00488864, 0.00471133, 0.99040002],\n",
       "       [0.21973142, 0.72447276, 0.05579583],\n",
       "       [0.04553162, 0.91052777, 0.04394061],\n",
       "       [0.01054197, 0.01037464, 0.9790834 ],\n",
       "       [0.0069405 , 0.00695707, 0.98610244]])"
      ]
     },
     "metadata": {},
     "output_type": "display_data"
    }
   ],
   "source": [
    "def get_lda_topics(text, n_topics=5, random_state=0):\n",
    "    vectorizer = CountVectorizer()\n",
    "    X = vectorizer.fit_transform(text)\n",
    "    vectorizer.get_feature_names_out()\n",
    "\n",
    "    # Find latent topics\n",
    "    lda = LatentDirichletAllocation(n_components=n_topics,\n",
    "                                    random_state=random_state)\n",
    "    X_topics = lda.fit_transform(X)\n",
    "\n",
    "    return X_topics\n",
    "\n",
    "display(get_lda_topics(jokes_df.clean_text, n_topics=3, random_state=0))"
   ]
  }
 ],
 "metadata": {
  "interpreter": {
   "hash": "0fa4841112433a5c590ed7b6f6ce3f794127901ec0a57511be6d2a6ebc3c3baa"
  },
  "kernelspec": {
   "display_name": "Python 3.8.2 64-bit ('ecommerce_jokes': conda)",
   "name": "python3"
  },
  "language_info": {
   "codemirror_mode": {
    "name": "ipython",
    "version": 3
   },
   "file_extension": ".py",
   "mimetype": "text/x-python",
   "name": "python",
   "nbconvert_exporter": "python",
   "pygments_lexer": "ipython3",
   "version": "3.8.2"
  },
  "orig_nbformat": 4
 },
 "nbformat": 4,
 "nbformat_minor": 2
}
